-5.0 -4.949999999999999
-4.949999999999999 -4.949999999999999
-4.949999999999999 -4.8999999999999995
-4.8999999999999995 -4.8999999999999995
-4.8999999999999995 -4.85
-4.85 -4.85
-4.85 -4.8
-4.8 -4.8
-4.8 -4.75
-4.75 -4.75
-4.75 -4.699999999999999
-4.699999999999999 -4.699999999999999
-4.699999999999999 -4.6499999999999995
-4.6499999999999995 -4.6499999999999995
-4.6499999999999995 -4.6
-4.6 -4.6
-4.6 -4.55
-4.55 -4.55
-4.55 -4.5
-4.5 -4.5
-4.5 -4.449999999999999
-4.449999999999999 -4.449999999999999
-4.449999999999999 -4.3999999999999995
-4.3999999999999995 -4.3999999999999995
-4.3999999999999995 -4.35
-4.35 -4.35
-4.35 -4.3
-4.3 -4.3
-4.3 -4.25
-4.25 -4.25
-4.25 -4.199999999999999
-4.199999999999999 -4.199999999999999
-4.199999999999999 -4.1499999999999995
-4.1499999999999995 -4.1499999999999995
-4.1 -4.1499999999999995
-4.05 -4.1499999999999995
-4.0 -4.1499999999999995
-3.9499999999999993 -4.1499999999999995
-3.8999999999999995 -4.1499999999999995
-3.8499999999999996 -4.1499999999999995
-3.8 -4.1499999999999995
-3.75 -4.1499999999999995
-3.6999999999999993 -4.1499999999999995
-3.6499999999999995 -4.1499999999999995
-3.5999999999999996 -4.1499999999999995
-3.55 -4.1499999999999995
-3.5 -4.1499999999999995
-3.4499999999999993 -4.1499999999999995
-3.3999999999999995 -4.1499999999999995
-3.3499999999999996 -4.1499999999999995
-3.3 -4.1499999999999995
-3.25 -4.1499999999999995
-3.1999999999999993 -4.1499999999999995
-3.1499999999999995 -4.1499999999999995
-3.0999999999999996 -4.1499999999999995
-3.05 -4.1499999999999995
-3.0 -4.1499999999999995
-2.9499999999999993 -4.1499999999999995
-2.8999999999999995 -4.1499999999999995
-2.8499999999999996 -4.1499999999999995
-2.8 -4.1499999999999995
-2.75 -4.1499999999999995
-2.6999999999999993 -4.1499999999999995
-2.6499999999999995 -4.1499999999999995
-2.5999999999999996 -4.1499999999999995
-2.55 -4.1499999999999995
-2.5 -4.1499999999999995
-2.4499999999999993 -4.1499999999999995
-2.3999999999999995 -4.1499999999999995
-2.3499999999999996 -4.1499999999999995
-2.3 -4.1499999999999995
-2.25 -4.1499999999999995
-2.1999999999999993 -4.1499999999999995
-2.1499999999999995 -4.1499999999999995
-2.0999999999999996 -4.1499999999999995
-2.05 -4.1499999999999995
-2.0 -4.1499999999999995
-1.9499999999999993 -4.1499999999999995
-1.9000000000000004 -4.1499999999999995
-1.8499999999999996 -4.1499999999999995
-1.799999999999999 -4.1499999999999995
-1.75 -4.1499999999999995
-1.6999999999999993 -4.1499999999999995
-1.6500000000000004 -4.1499999999999995
-1.5999999999999996 -4.1499999999999995
-1.549999999999999 -4.1499999999999995
-1.5 -4.1499999999999995
-1.4499999999999993 -4.1499999999999995
-1.4000000000000004 -4.1499999999999995
-1.3499999999999996 -4.1499999999999995
-1.299999999999999 -4.1499999999999995
-1.299999999999999 -4.1
-1.299999999999999 -4.05
-1.299999999999999 -4.0
-1.299999999999999 -3.9499999999999993
-1.299999999999999 -3.8999999999999995
-1.299999999999999 -3.8499999999999996
-1.299999999999999 -3.8
-1.299999999999999 -3.75
-1.299999999999999 -3.6999999999999993
-1.299999999999999 -3.6499999999999995
-1.299999999999999 -3.5999999999999996
-1.299999999999999 -3.55
-1.299999999999999 -3.5
-1.299999999999999 -3.4499999999999993
-1.299999999999999 -3.3999999999999995
-1.299999999999999 -3.3499999999999996
-1.299999999999999 -3.3
-1.299999999999999 -3.25
-1.299999999999999 -3.1999999999999993
-1.299999999999999 -3.1499999999999995
-1.299999999999999 -3.0999999999999996
-1.299999999999999 -3.05
-1.299999999999999 -3.0
-1.299999999999999 -2.9499999999999993
-1.299999999999999 -2.8999999999999995
-1.299999999999999 -2.8499999999999996
-1.299999999999999 -2.8
-1.299999999999999 -2.75
-1.299999999999999 -2.6999999999999993
-1.299999999999999 -2.6499999999999995
-1.299999999999999 -2.5999999999999996
-1.299999999999999 -2.55
-1.25 -2.55
-1.25 -2.5
-1.25 -2.4499999999999993
-1.25 -2.3999999999999995
-1.25 -2.3499999999999996
-1.25 -2.3
-1.25 -2.25
-1.25 -2.1999999999999993
-1.25 -2.1499999999999995
-1.25 -2.0999999999999996
-1.25 -2.05
-1.25 -2.0
-1.25 -1.9499999999999993
-1.25 -1.9000000000000004
-1.25 -1.8499999999999996
-1.25 -1.799999999999999
-1.25 -1.75
-1.25 -1.6999999999999993
-1.25 -1.6500000000000004
-1.25 -1.5999999999999996
-1.25 -1.549999999999999
-1.25 -1.5
-1.25 -1.4499999999999993
-1.25 -1.4000000000000004
-1.25 -1.3499999999999996
-1.25 -1.299999999999999
-1.25 -1.25
-1.25 -1.1999999999999993
-1.1999999999999993 -1.1999999999999993
-1.1999999999999993 -1.1500000000000004
-1.1500000000000004 -1.1500000000000004
-1.1500000000000004 -1.0999999999999996
-1.0999999999999996 -1.0999999999999996
-1.0999999999999996 -1.049999999999999
-1.049999999999999 -1.049999999999999
-1.049999999999999 -1.0
-1.0 -1.0
-1.0 -0.9499999999999993
-0.9499999999999993 -0.9499999999999993
-0.9499999999999993 -0.9000000000000004
-0.9000000000000004 -0.9000000000000004
-0.9000000000000004 -0.8499999999999996
-0.8499999999999996 -0.8499999999999996
-0.8499999999999996 -0.7999999999999989
-0.7999999999999989 -0.7999999999999989
-0.7999999999999989 -0.75
-0.75 -0.75
-0.75 -0.6999999999999993
-0.6999999999999993 -0.6999999999999993
-0.6999999999999993 -0.6500000000000004
-0.6500000000000004 -0.6500000000000004
-0.6500000000000004 -0.5999999999999996
-0.5999999999999996 -0.5999999999999996
-0.5999999999999996 -0.5499999999999989
-0.5499999999999989 -0.5499999999999989
-0.5499999999999989 -0.5
-0.5 -0.5
-0.5 -0.4499999999999993
-0.4499999999999993 -0.4499999999999993
-0.4499999999999993 -0.3999999999999986
-0.3999999999999986 -0.3999999999999986
-0.3999999999999986 -0.34999999999999964
-0.34999999999999964 -0.34999999999999964
-0.34999999999999964 -0.29999999999999893
-0.29999999999999893 -0.29999999999999893
-0.29999999999999893 -0.25
-0.25 -0.25
-0.25 -0.1999999999999993
-0.1999999999999993 -0.1999999999999993
-0.1999999999999993 -0.14999999999999858
-0.14999999999999858 -0.14999999999999858
-0.14999999999999858 -0.09999999999999964
-0.09999999999999964 -0.09999999999999964
-0.09999999999999964 -0.049999999999998934
-0.049999999999998934 -0.049999999999998934
-0.049999999999998934 0.0
0.0 0.0
0.0 0.05000000000000071
0.05000000000000071 0.05000000000000071
0.05000000000000071 0.10000000000000142
0.10000000000000142 0.10000000000000142
0.10000000000000142 0.15000000000000036
0.15000000000000036 0.15000000000000036
0.15000000000000036 0.20000000000000107
0.20000000000000107 0.20000000000000107
0.20000000000000107 0.25
0.25 0.25
0.25 0.3000000000000007
0.3000000000000007 0.3000000000000007
0.3000000000000007 0.3500000000000014
0.3500000000000014 0.3500000000000014
0.3500000000000014 0.40000000000000036
0.40000000000000036 0.40000000000000036
0.40000000000000036 0.45000000000000107
0.45000000000000107 0.45000000000000107
0.45000000000000107 0.5
0.5 0.5
0.5 0.5500000000000007
0.5500000000000007 0.5500000000000007
0.5500000000000007 0.6000000000000014
0.6000000000000014 0.6000000000000014
0.6000000000000014 0.6500000000000004
0.6500000000000004 0.6500000000000004
0.6500000000000004 0.7000000000000011
0.7000000000000011 0.7000000000000011
0.7000000000000011 0.75
0.75 0.75
0.75 0.8000000000000007
0.8000000000000007 0.8000000000000007
0.8000000000000007 0.8500000000000014
0.8500000000000014 0.8500000000000014
0.8500000000000014 0.9000000000000004
0.9000000000000004 0.9000000000000004
0.9000000000000004 0.9500000000000011
0.9500000000000011 0.9500000000000011
1.0 0.9500000000000011
1.0500000000000007 0.9500000000000011
1.1000000000000014 0.9500000000000011
1.1500000000000004 0.9500000000000011
1.200000000000001 0.9500000000000011
1.25 0.9500000000000011
1.3000000000000007 0.9500000000000011
1.3500000000000014 0.9500000000000011
1.3500000000000014 1.0
1.3500000000000014 1.0500000000000007
1.3500000000000014 1.1000000000000014
1.3500000000000014 1.1500000000000004
1.3500000000000014 1.200000000000001
1.3500000000000014 1.25
1.3500000000000014 1.3000000000000007
1.3500000000000014 1.3500000000000014
1.3500000000000014 1.4000000000000004
1.4000000000000004 1.4000000000000004
1.4000000000000004 1.450000000000001
1.450000000000001 1.450000000000001
1.450000000000001 1.5
1.5 1.5
1.5 1.5500000000000007
1.5500000000000007 1.5500000000000007
1.5500000000000007 1.6000000000000014
1.6000000000000014 1.6000000000000014
1.6000000000000014 1.6500000000000004
1.6500000000000004 1.6500000000000004
1.6500000000000004 1.700000000000001
1.700000000000001 1.700000000000001
1.700000000000001 1.75
1.75 1.75
1.75 1.8000000000000007
1.8000000000000007 1.8000000000000007
1.8000000000000007 1.8500000000000014
1.8500000000000014 1.8500000000000014
1.8500000000000014 1.9000000000000004
1.9000000000000004 1.9000000000000004
1.9000000000000004 1.950000000000001
1.950000000000001 1.950000000000001
1.950000000000001 2.0
2.0 2.0
2.0 2.0500000000000007
2.0500000000000007 2.0500000000000007
2.0500000000000007 2.1000000000000014
2.1000000000000014 2.1000000000000014
2.1000000000000014 2.1500000000000004
2.1500000000000004 2.1500000000000004
2.1500000000000004 2.200000000000001
2.200000000000001 2.200000000000001
2.200000000000001 2.25
2.25 2.25
2.25 2.3000000000000007
2.3000000000000007 2.3000000000000007
2.3000000000000007 2.3500000000000014
2.3500000000000014 2.3500000000000014
2.3500000000000014 2.4000000000000004
2.4000000000000004 2.4000000000000004
2.4000000000000004 2.450000000000001
2.450000000000001 2.450000000000001
2.450000000000001 2.5
2.5 2.5
2.5 2.5500000000000007
2.5500000000000007 2.5500000000000007
2.5500000000000007 2.6000000000000014
2.6000000000000014 2.6000000000000014
2.6000000000000014 2.6500000000000004
2.6500000000000004 2.6500000000000004
2.6500000000000004 2.700000000000001
2.700000000000001 2.700000000000001
2.700000000000001 2.75
2.75 2.75
2.75 2.8000000000000007
2.8000000000000007 2.8000000000000007
2.8000000000000007 2.8500000000000014
2.8500000000000014 2.8500000000000014
2.8500000000000014 2.9000000000000004
2.9000000000000004 2.9000000000000004
2.9000000000000004 2.950000000000001
2.950000000000001 2.950000000000001
2.950000000000001 3.0
3.0 3.0
3.0 3.0500000000000007
3.0500000000000007 3.0500000000000007
3.0500000000000007 3.1000000000000014
3.1000000000000014 3.1000000000000014
3.1000000000000014 3.1500000000000004
3.1500000000000004 3.1500000000000004
3.1500000000000004 3.200000000000001
3.200000000000001 3.200000000000001
3.200000000000001 3.25
3.25 3.25
3.25 3.3000000000000007
3.3000000000000007 3.3000000000000007
3.3000000000000007 3.3500000000000014
3.3000000000000007 3.4000000000000004
3.3500000000000014 3.4000000000000004
3.4000000000000004 3.4000000000000004
3.4000000000000004 3.450000000000001
3.450000000000001 3.450000000000001
3.450000000000001 3.5
3.5 3.5
3.5 3.5500000000000007
3.5500000000000007 3.5500000000000007
3.5500000000000007 3.6000000000000014
3.6000000000000014 3.6000000000000014
3.6000000000000014 3.6500000000000004
3.6500000000000004 3.6500000000000004
3.6500000000000004 3.700000000000001
3.700000000000001 3.700000000000001
3.700000000000001 3.75
3.75 3.75
3.75 3.8000000000000007
3.8000000000000007 3.8000000000000007
3.8000000000000007 3.8500000000000014
3.8500000000000014 3.8500000000000014
3.8500000000000014 3.9000000000000004
3.9000000000000004 3.9000000000000004
3.9000000000000004 3.950000000000001
3.950000000000001 3.950000000000001
3.950000000000001 4.0
4.0 4.0
4.0 4.050000000000001
4.050000000000001 4.050000000000001
4.050000000000001 4.100000000000001
4.100000000000001 4.100000000000001
4.100000000000001 4.15
4.15 4.15
4.15 4.200000000000001
4.200000000000001 4.200000000000001
4.200000000000001 4.25
4.25 4.25
4.25 4.300000000000001
4.300000000000001 4.300000000000001
4.300000000000001 4.350000000000001
4.350000000000001 4.350000000000001
4.350000000000001 4.4
4.4 4.4
4.4 4.450000000000001
4.450000000000001 4.450000000000001
4.450000000000001 4.5
4.5 4.5
4.5 4.550000000000001
4.550000000000001 4.550000000000001
4.550000000000001 4.600000000000001
4.600000000000001 4.600000000000001
4.600000000000001 4.65
4.65 4.65
4.65 4.700000000000001
4.700000000000001 4.700000000000001
4.700000000000001 4.75
4.75 4.75
4.75 4.800000000000001
4.800000000000001 4.800000000000001
4.800000000000001 4.850000000000001
4.850000000000001 4.850000000000001
